852703515853
171404346940
857759866938
376558151878
159309152128
1204658959658
1060838593272
408732426875
1143137415787
533976206394
1108332944595
1597640266684
704038922138
1456185202384
931039386052
982075861154
615624281232
1224881058765
846523873681
915624754362
863310597629
319641349117
396352994692
1662861886407
887368591026
542072864320
685036057930
55076241193
1463942143644
1306912862741
540563503349
699723558615
271463287126
1513988919763
1662129545864
36636770150
66841472554
466918349908
1328830935787
395352670307
1835256617141
1447006546306
1213836661346
1131739773013
279340307638
1755881727414
1381725547203
908442789047
1577981600459
1307982840862
1642393652247
1232484906185
1471947443034
184092742260
93134553962
474699207344
1422960823451
1949690107351
901200326980
1769486808645
1844832991645
-3030267291
162353140595
1429729268487
219698621000
686958877313
16620758742
810509596252
289356889015
1648236856192
1110672782948
1916624662719
451173692587
231341807387
1966937071916
1472700463741
989953736514
1823027480916
852778950332
1661048934721
841644403895
492110437337
1338769375575
281233985128
1211686491866
1268727263397
893270972254
696641990541
1560279270802
251397544846
581273784040
607180290140
1218781880131
1691369040933
1218616534909
423555068454
1215924832040
221297274485
1178431216899
817409288520
1769459303021
1475391526410
1454853041663
882927410536
1338324405760
1490736149595
559739738000
1269343687722
1132366790203
484575320254
1361348794460
630118293177
541098759095
1869926712357
69622514890
783372811900
69935278738
701967765007
230936066454
89506353650
1061802558478
1140216915694
1815864262504
1725740370052
1733964779221
1966609665585
1266728829093
1773668723575
874368151356
717147533817
717388267491
1334718225929
1918754355487
564876577895
1505937487079
1249752368334
1069249757297
1734529806089
571686961285
1422878855628
1617088358902
934246154042
360993309916
1235850784023
696580379086
57356430390
1462218361820
1088278619987
324392021267
1237305602822
348294719767
1710197661253
1767653632640
1231357897124
326080502638
1567365476474
1036368087403
63810172579
74888347843
1415990533243
1610043476891
877016728730
1002277018653
862421722874
385427516952
18606431989
53397153155
644656926504
271674236176
535852524795
580885903012
276356395826
1861226815605
453231837013
415507904902
1680375361026
1169153106534
1476789707075
1373443993364
1487657991040
560624086540
99004046656
94330963088
1788663435108
1675677970573
1470420968845
324860140758
1298321487497
412366615592
859411580064
1545944584118
131846310336
843832876216
38978576192
187168680708
1687560983185
1321822364064
519618875281
1580436164435
494217250714
1958583750684
189826451171
1275436621570
1304121134939
181067988980
630898370376
1372753140695
199703009889
115786690115
1140284782100
1126136572114
1030000095745
189645749795
327801251647
1223676123433
104846689070
1521521619685
1041600731675
1878297825056
748395309213
1431301787246
1335880547596
141226282382
1049920665863
1707563530535
1209876764660
1697748378389
948686240409
152018565495
1927778228288
812819962714
650981486451
358303984063
1871769376058
1064760415579
1301265238825
684653441713
85488960599
1038483012320
815680111127
944435164371
1932771365767
1245411385730
835029644103
465496586381
626613326360
1195436890410
865639033057
1858709303560
1775889025005
766973368691
850347656504
1088059845928
1552412691974
1804369648498
1648209913607
249085805349
598527753026
217643536755
200310114156
839410083919
1375478312976
1767703570949
520422881604
244578310570
295397841964
190927786979
1073081280209
664358577497
1684827264467
350172968463
1587941333540
1769114819794
395253635384
1694989953451
1908160230607
2819453951
1706237676565
472023568954
81833724844
638722654672
1059277872896
847279910319
579366288316
1445649802111
115635463488
1385146418065
255975429276
1137351477578
1648924202873
174751887126
1477360467252
1654283296037
1863345725753
1302459506993
687892946300
766646136232
871030256801
1339986441383
624515581994
489470606451
267020432964
1050848177240
1365862952375
1364982478378
1008013477522
613528259279
1454947299430
794438780120
1131055909419
317977952089
1445078729327
1291078275734
1240962795253
912752052282
392519220581
1777781745047
150311476655
563292140815
1055696629655
1867491821130
1573438030739
727569599682
1859633598180
1441395030641
1355942879491
1163506062409
1045574530788
1779320740396
1363790015074
753289802511
849621061377
-1233094570
861162222223
1862911352391
1040515817313
1623413418998
973813499306
1550944694584
1695541385289
728938410546
664737013331
1098801767373
704830083244
1303405838300
1541545858240
55393827427
168207797580
1211444774668
1770041460973
272333965829
1585024078433
1465895789318
386023378430
1251519423508
536247470759
387550822751
377471291426
535135380117
1419434970374
673067690986
51808626516
1838824699618
1721010707272
1393092998346
1408036141716
1161971331980
1296618596127
507079697667
1501100285579
1204748335982
1179141153139
608240060501
115940664482
1079784594364
545304730915
1301526188820
461238791735
1527007031004
1645619770755
1869485298557
1047967457547
1623419149459
738732748482
1695288025922
435419888811
1325278774484
370094742672
1289182966580
107474371858
1088341450090
696179208004
1704082820168
384428881984
1282539807424
979310349918
627940663153
1980818669507
150670740671
864490757562
1505028177218
1587207335684
1656367081666
598446504930
1665181118244
1684020093760
1724831998146
1962433844268
629529670762
688066173848
1100519172585
1364182384970
513185127760
1487476052965
1329142944841
1270675053174
759807062511
438355869830
1217107920041
1962295920639
1319928635558
976540965366
529648470119
450202983905
1824370356485
140407847979
1659673616661
1322612004191
1306026135691
505782147128
532514464120
1272005889503
1587758594247
301558395134
1107475616352
1104111813012
1581093022093
804725259173
1495293819318
140815971498
1429853947537
506068473883
1931311733463
103015710647
684839431029
1992901322605
1627376767094
795733944747
1510083463611
12751197780
871178141554
216652463450
298208039613
1762008124614
649938826608
1070545794257
1011821004828
1086120166655
546082561080
95926952137
1069868261373
982998158743
685697564576
96544696760
1662301812311
1568870407293
1116323681723
1119198892782
1003379317113
1495906174717
148791964795
830669984563
1223362369331
1703505221946
1918548252672
820385506506
1350335143563
1340228079410
705096395764
1291776109539
148317949523
710920734644
1393899665775
1404099952045
1454802530283
1183664457849
1873281261623
387844185139
1100290242482
1133761095044
129569300924
1480638832965
494366415906
207040560134
336933442343
716948095712
1527297903769
1452356800345
334064175488
1653630400005
563093719266
203215859275
1538048980919
1224788272551
1989421959941
1981058126414
1566502390676
1093156536800
41728816939
1147794951309
1622210005905
1101605051452
1433359377581
1552777156846
1040250020947
727161177638
700432683496
-546903581
305758898393
801284755906
1109676235193
999549611347
1321210626414
1183956770285
479378910297
987688515138
1735282094110
565470435613
1328074179468
1936930424076
741081228102
118642520337
392518276407
145813382359
909715799556
1335490002098
1745981679297
1860034258448
345886179304
56245627774
499824923544
1346997406470
1735386325819
1434914242476
385783118284
1059034298098
1700102012934
384399207490
393336538798
1601175057173
1284297602077
905557468036
1075998118301
1361931498865
366685666720
1628368566405
142300956279
1870629718350
1325978110500
1879732608134
1511723464294
1212406851737
383318376343
641238590163
142741447332
162067274947
703200028090
1871574057434
629650305996
90569035347
1555177951320
1842074791181
816753900226
152991173450
621882742648
1370240221063
492968962052
1784410291072
1884551917429
134870756160
1606847667222
1110191986465
1425493751936
1617808514395
381474017121
519782705606
1957604106369
1641093725264
1210642758395
1358163506063
1924258740684
954675074960
1282182141760
456707391339
608606654926
878641771216
1501236367087
55258351709
849494038240
615272315704
1475774863728
1559829419965
1681950605269
1520024295641
78550378214
535395072736
503373564422
1356915757548
414179391051
1350830448307
212247619993
362578878747
896973187006
973129686463
1174442766020
804593583386
584599313178
550612115296
842834200501
643536572221
914607762540
629904004465
1389192202858
1894511141242
1555308265649
1119062313009
1802992725376
1332748507511
1209438821706
439283017534
1570003151746
1299202661520
898518548517
1700217157385
264199877769
1535885954076
1507731092663
1188994183569
1169777902126
1217022848212
1185637560452
1980630627406
1395716584744
1640926565657
1569972054975
1057580993266
1853566888239
408831011331
750224530473
1968764892083
1939830946577
1340739589915
1379670733147
763483166079
1797505644544
864679908682
413959708904
703213845380
1627067042151
1164581512881
580325409208
1084356343075
675373714292
983322128169
870938872032
1397571750816
251672027210
651316001349
105873246683
4443167229
1403088006261
647346104225
1925605644763
529760275850
727694217917
797169599758
1449933126965
1247808930684
1211443549140
76754942308
1279633735829
883625653880
945964174135
910836254931
1519155688807
455254022263
1117413438168
843799623500
1063072260373
1050619358247
1752291966611
508742885183
1515991767661
1762715207366
1364321176875
1931880046279
805065842135
399373564157
867192478579
1383288486005
796192465589
38969180536
901197283024
221325551995
39462595568
1020985513075
1067451851451
1476869629604
1146353285291
540450020484
1471633316885
1284868197420
240622440056
657821474340
1449846701599
694504328954
1426814471191
240993645141
1382445096657
875620555010
284737878008
1123654522866
1097329769230
1287867227949
1025230542461
1594321328663
522458303844
1990371229729
131980091300
1222947140623
967993581662
1943548252225
1066121056619
1987075005420
701728466946
891010096613
1924782741184
1677092339199
327124853233
1208347548137
821715484270
640217033844
1881508153725
1966895747556
197575834393
65425041297
542662440939
384418978562
1269404367745
1216606444813
1365273524315
1820978298880
1393282562087
288816420110
1564370967083
527074839098
241109599493
892564541165
1521123239369
1462489020003
1381890923049
1563664081792
907042823736
678063959034
109886037691
1151242454161
105861711585
1989010277496
176413499694
454089702196
1458040804397
967136312589
1459067041605
55602554919
1761079441483
1640737597551
1541546974785
1950157703452
929494599181
714705842859
679266576303
258827146188
1751543185739
609746819624
1690344772335
99926685865
275462311155
168424787882
1938550156326
1509965810964
1516207700572
487078367801
1764214574478
1203146381129
894371019907
1006481524189
471087233208
912635037025
102162687659
1730451746741
1291553725282
1074412602318
937047713877
1240434367881
629597609395
694581806796
51826193319
1035422035437
320334675603
383592792721
1540653678759
650394138365
646904200315
1745924071286
813698043770
992791619753
419953286237
581334514871
308834930115
1385368088695
551904861261
1683880408454
1246984999300
915089100901
1247652158390
1417469407341
1858400451293
861576919873
185275526334
701801531414
1290410837645
214928129072
1874831763995
1560125293377
1752841823177
591558570842
760217391018
960315842533
1365523153730
218058591111
568561947241
323358566610
643005693927
1076869979974
1913560400533
1778402101173
584809951927
793922826968
1223605511853
1011119910434
1935232421929
1397200703515
692535999035
1382201028584
1334938279955
686528931268
1140267881111
885365133596
807272891449
628709482472
1422530939898
469378753809
305427339812
928454336278
1343383636166
1266124342465
892296104045
724397300678
1901135186650
1346854684043
533068786786
1220791479297
1137753845129
1771341485864
1451300186011
989329202718
1863796524348
899705883759
1532406517850
1661848318609
1095345629256
1204296852182
354239072146
783516790219
166393495359
149060829164
1082588496564
707416618612
1169567327357
96425195382
690177819056
1585274872180
1630040635346
1656794994814
740903347909
745419561277
1131931077273
413341786530
1326788256961
47863785525
993436684647
534840557831
1653313718862
1167752304895
1026415773226
431889112141
239498544130
182230697629
1918070153170
1316922989448
1732299451036
1322126913152
1836842471210
1296016203041
1930607960407
1298661839135
1491593167329
1450536744828
1772322814524
226735051993
1062575245911
259303985618
758680399649
840158516888
1174677187367
666972895404
573228059509
430540458439
397859675657
121948296408
498528687268
1740349049006
1636662313351
1987210810361
1641888473556
1902013550643
1210111496941
870013489962
952101945939
438749516623
1425313365877
621486984823
542412500783
329121390355
12467858323
24769070709
930588955215
186185697842
1915994742865
1520352421035
465222304547
713384547499
625913938800
709921906222
1428049892013
773188348273
1485576687145
835032628650
85316881197
1640814212156
226297047497
944556139680
1306888846388
314174983460
356385606981
1044901188496
280031929319
112541535796
971541372118
169594118894
315479544248
1220229895436
55510801093
9880483987
776609669813
1317951697657
1404374792652
1515589878552
758257014162
993295722618
1934780036611
705581453525
299890567925
233135706329
325881270491
819668329117
1638587495801
974588260583
1696716823276
898995208101
290439452202
427471851280
335190989426
1899422508618
1594729252654
680047728637
1371791251152
522548918783
763419218287
1961149561051
730620432468
91581111988
1449196720682
1855638522426
692277697118
1004338535179
1378523375744
756448074626
1967575390523
563259324739
1691840253199
885309937352
308031133293
1312350456427
1291281385772
325582757175
368528952755
403604922306
716954504615
684430951038
1789494999920
1970485296977
1856047973502
1237931094167
280387459789
3652557552
134727519604
1711510581011
1863253195444
804195794175
750989990194
209450971536
1374556365235
1732198331866
1977342810361
231017516799
825438177731
673551418786
595382530591
1197104065647
1285019001627
415507706457
1120047933943
460110229702
1578308310300
1951542227219
1629527180372
1381096578219
279740360154
628668566169
737500704964
1732091214706
235306522024
1005434680469
527605067542
1417749648222
1160708865369
306402447688
1115706689738
309397178763
1739912713826
438991387421
1913776445319
1845812406050
87927911546
681146504459
639859817507
1978937652715
443603247410
1353367959462
1651840597935
29029838084
522670544180
1056217953560
278398816071
62595286481
88228504157
384498859529
1478767096557
517777815995
985308978815
1421874545429
1383592097213
1975699127622
138122609170
774785060029
1052412092440
212578308261
1823032087354
422082667599
1128963247907
1966284545204
1907256740740
1236896033489
1983731553692
212306934549
682762767574
679806369997
403870035808
167951471618
426748943023
867498666861
923803866142
729905150268
884588489901
1988628818666
1485549189324
599133894127
498043039395
868724803789
1275974911714
1958410071302
1391016385825
1378519778377
1308939369044
1241592998943
1877068714903
335191391556
1603437314631
270114092138
1567366633950
1563561003536
654595201756
1830946497272
1034695708008
1864384177061
1302557073138
1631666964664
428615880583
1779441722240
75004421298
1492046372232
1438794552573
1248218734832
612259460821
617932505739
568002886249
1518537836300
1879620823572
852017918792
803216080125
3590114152
529787340679
1907412973358
1462710236080
170385874726
-1074219680
1763772568965
249002406471
-275037188
703143761127
1642053354016
1351932830256
75365606605
47830348427
272806376034
823141895818
1940147250648
1870531693983
534237602704
1382647305386
999402723379
408730674661
960097707996
1320180573168
1957071286465
1917103483940
1103790314956
218393773536
537504676909
1654529432959
1293915651514
1852002582423
1076033524042
1119332199063
1927795410424
1806382703607
1453942171119
131935472633
1123352154999
111091699055
808576537892
647317615690
286044845482
1498239777170
1466888335601
25354191093
946390499885
1772587463345
630796977382
895339310412
1084929694284
219700723904
1485328719752
721681271381
1085322100570
980447004272
1605570447784
710969219996
442586034635
884569013449
806054120905
796312521647
402324624399
1363026403177
906265469556
1093056425023
818108410237
1748248334303
278548952896
440681428674
1688013774876
523393099424
499759389935
1428896294605
1067642933127
1896163645566
945587690074
651638250364
1355781029161
1449682606024
1746568383245
840896971463
1310172872403
562381227122
167351720657
2981827172
1574730194549
790811350381
175904458690
1713055170820
985809254951
473742482643
1736879218962
319457594651
1474025000488
442858535595
1193471358728
967554168087
989398534543
1914822382954
994660653518
1073533737075
551460248120
1391429657038
1979812490300
1161796410717
1262260674568
709025709707
450192108466
825268114929
1919069374637
1255313660673
1337023025350
1976183048079
1724868851391
1811133551525
1918299258772
525578904604
1518580254087
1476746809965
1741638880761
1162953187247
933284734574
706612422808
1678044429970
3230346308
1939532583659
603595232952
361514639633
526395064237
1342160923454
1312998680871
1662028733603
1455847536882
1972868334359
608769231221
294503675387
1004742072725
557122991316
1578670537116
183902796862
265271648657
1532808987628
1692181218066
1786752019072
1424065348008
459344370683
474320293187
211897675251
1957568393441
79830902710
1510560352650
1688419574082
1994476608224
585125800788
572439261731
1696188706833
628002736996
1177551925375
1280435960975
1904639935543
118952250236
643292228037
910128017614
957905074067
651291476109
316341879196
1699602467761
99532671897
585092953524
1553219729902
1330544036888
647597250647
-2553152480
1636468872799
132378272758
411079251432
710129416970
886304473862
-1700079310
280975114255
1973523451374
1683594377217
1003970952862
434675919951
1509488407383
1093687161014
284123948459
1859728708924
711581017698
829429558095
1849261774917
1233176127934
459230504598
1403044086806
1714096083135
1585244959471
223175373090
1490364848315
1961321080985
1631234397767
1922672365986
767258760240
178771664463
1173032127963
1340690329823
776886303763
1084968290954
551764363520
1811506310833
1747785526937
1097504914707
775664733545
1365822839653
1706589759227
100687532900
1652323961622
1551729376856
1715518198623
1733285878673
22061813379
1745534089839
1613606938115
144213167623
1019239536341
924694366218
251975894400
1353401745190
180910217836
1595778809144
887254637264
1107095904862
1177281763913
1853595465409
133619290067
431236395435
956046220019
1393325208022
1672720231578
963563494446
1172706097991
1705701090488
1782108363276
584520004438
1921607803318
1655978848929
666595916161
1868987300886
987469522696
1180646139733
1563316037772
1445341274554
1104769312651
1931521425541
640073783287
1475268461513
1042436956662
355096349854
817908263169
1157235006384
1723872308305
1915678834627
1822614941648
408454921755
47389228479
954097369999
1006304709994
1694657094232
589764114312
1019429355436
778904402676
1353902734766
955645266588
1419420698340
850831525405
700160053876
178156872097
1205965441157
911904747684
1694293649138
1281111303167
1845219169963
1857878794517
34581095253
880819530107
417621203944
1224821030761
145821760953
535569004927
351304900844
1102875806761
1735555266689
443415624864
413078487098
474789111615
337861566851
44015494280
964361229215
660896012249
579666443222
97798762605
1335163441981
351100275628
781429941037
895867874120
1577402170056
1565704126819
943548551559
1396578820865
1829546577778
1810774320403
1171754477219
289843953109
1057791296553
680058447939
159249312450
257770972887
34658603993
1204294070393
1470261150523
1030332872484
1074132685091
1360080586802
1059169414590
1227340390294
1263134571871
1324313185965
711292682406
1433066988540
712346329348
1296504620825
905889117688
1467454861025
695099036971
1010150332783
978871860014
1397908220093
451240823982
1415619227885
402195243516
478258014054
1903604078501
1440881860996
498820254216
906561302830
567895470155
222714284962
976620835731
60975313387
532533687432
1749845747194
291546721896
1703025833674
1543164618286
470844970987
1039809895892
1530165855583
947286016269
1093368963509
1330816807269
1414600724247
537616325773
1537725765527
407019938437
1682931999187
178546838562
806531160943
1653816518833
1871252246207
508218219574
1393566950979
582074816741
1532899487785
1979465964378
778777084617
1367822028872
1881159391857
1036083013934
542665726783
1098079892444
316780795433
316549766103
682189609636
-1211123590
1220248135130
435586051587
821564915852
610212909175
1781333566406
114581903499
1185237171289
1127172175832
1093527586183
1215167303830
436591446224
1935902031882
258527637962
1575884702048
784806628900
1756291158775
826040325065
1460130421315
1123587424252
737704576833
536731966751
894234391102
389335113523
358549715382
1041239743793
1207751762688
1812645639579
44198027591
35734992254
683741389248
285853076018
44826277446
84606250135
1385010815741
1680663048377
1304196489498
293410279413
1943009543779
623750729659
1802344903251
950315415785
1379255847165
1974523672787
1169604818741
1271840422512
1874885914016
1048080774388
1246340474493
468770711978
1812116150867
487724001078
1702222788749
490711067359
382113977175
1615209701171
830830207828
1012812320794
1586974149810
1073253414251
199812081351
1495788257355
559202457482
1623630280437
1963804108292
1480415812618
780309451468
1075541874259
1336738659159
670291213812
1000822761537
1492747577771
1972147058895
811692133272
1447227351926
64287474048
814502218813
1896973174960
247047086520
1322451264746
1361604592477
1798002408173
911484797666
1752976457137
217466697169
1078722359314
185739692501
266286433966
1317105293448
1440998723926
610325450707
1484908023819
1269102680704
1025496706009
1732414374016
1351035552078
1888752039427
619404946027
64437149275
169536665795
184055496488
1715403191173
607869892032
875524072766
1808794836669
321348807602
43343871587
51944122829
1311350893004
1437735983907
1533916416342
21462328576
1384897354989
200058359286
1496544496567
198254016149
1764050822548
825784643266
1667505231260
809135672234
415010109801
1710735281748
1320711676052
79801296876
1230671933840
287225293600
593574262934
1030756276089
1569162590689
586417391031
533262233157
138868834066
1663679331316
1839907574083
696921964242
1294287979179
183486732773
1910642853103
922612505654
718804159811
40368135179
860849539829
233421921892
1810557843868
1911784343229
1544728750702
745430510966
1241328591662
1891444847366
1756252818681
1920890975009
1056465886086
179950983528
167476265568
541197919510
13850900479
1792621847276
60351020634
369922926699
947106179155
1888568964448
685115402263
634393817293
1549599010544
1514536888273
1970903689079
175000682584
1649611644606
308981522305
269301084529
394613348793
783380722866
1026310188688
829147971275
986199300137
1671534612393
618160997361
780973833514
1824933086935
65787648870
48051956886
552021206191
381792142037
1356576551684
17683693801
1837896933331
548836385100
1318653539096
347632482195
524466115388
1862073079334
420478413891
882123422680
1283683159149
1766010334447
234579987130
1477027288541
959631690790
1784706803521
659885063621
1882176511530
316123018001
1247327685821
1903342347409
1143550242531
234782254768
1561920267808
1466995373322
527830892992
1032627353982
1939325732031
1747987729525
1911286829715
210726698585
1939846944178
282811472201
1076891653812
650596670360
1248494481600
153437982201
428039760620
42580955799
680337438040
621798591091
254175254248
1160529647743
575687386381
1670410110695
1873100267661
1489675820962
1465548102377
800769038539
1726685588989
1669683732349
1170966223959
177466370238
821156762785
1232423065904
345620612044
1004801973306
780083637683
1194099483793
879193263143
1884007209446
217653814643
203951680832
549764691464
823011808204
1141763742085
156802107754
846683073430
557018367533
660913994284
444327356427
981056911670
1886977998239
395848958257
1349991997048
1759226048740
1854386178412
686334311388
485167525919
215267496625
744648407240
935417433060
1619037184949
1681796855688
147591983203
1247971205645
772464174357
324028367691
1602528394999
1897273132533
26079966400
70260010802
1716599629720
92825055321
1135427374784
1342653993644
1068969175093
24572916105
751070278031
1025384411143
699747213783
223137616294
809161773456
1702928588039
1531366765866
1902622434860
1488038375762
1359480825768
681456757788
1142014739400
18988521871
451171176617
300084950622
513153548169
594419236984
1545973323133
1300573294321
77686691578
634225309873
1571891733829
151914150653
1552395722003
751241300603
122217792518
1762146767129
881718592587
1899236774100
1237350671122
1405878926801
1458253849911
1391991748424
615880456809
1635468500337
796483695101
1749568129728
1303333967104
164206862541
1591904945090
657971373296
565188089309
1821175096901
1787211885847
720973986881
871456743771
1851270724731
1519126457454
137950894770
703362846814
1070232426149
1633925643858
1959155512573
238307534197
1683317027524
836668231982
149941812380
877554281003
1937611771639
478576444446
1338018003850
51746209792
201793089323
1488981354007
1822893672220
1772580889020
553470843882
1022693740669
194261213459
994667171792
503085335735
1020615405974
736130881619
9793750397
1094652489134
1070859078752
1686115581472
1816541445610
297481042712
1709597753867
1374341320118
691374477101
339312830218
1615318209403
284036133059
33049148618
430166496367
1027106134517
155928823571
1960380873201
187492192124
157042902113
401167151133
114115508066
-2926459887
1368748385491
1292542936953
646851264354
530440712253
1458555935328
671389726786
480662778843
688387291912
1502760424874
237597401771
570281683359
1351511168510
423830984481
882764744902
1130390060625
1492527643034
680436307747
1981590937551
1568787363715
1441432191688
300580269835
1074183959198
212894511492
1393416769758
854101660383
1952041828011
1825261013807
1610773337370
1900242505678
803041699186
374445376410
193845194923
947944214641
1775849409462
560841096891
782415347722
30983431674
1091739401365
192724223358
97749271504
1627012371082
661895119422
666001948748
1846837599923
1839021542431
60835671063
521843297235
1184211924761
1509696273219
1661694727786
1339578526041
663035669281
253591579198
1756654350343
67954534959
405999808268
269002008512
565915347295
1306038168605
87881137891
230858146437
181163372901
1015762358881
245449112700
567932539354
1694568890367
1681312064377
1416736114955
1992092151294
1031936061818
26251882962
1660512094891
1274287693284
1338694898466
57498546887
118135508582
1951422205198
160008470649
425945663745
453777862454
900195489477
111345141235
1876751226935
1245349053254
528473879325
253444468416
1908000973277
697278721511
711687264856
1965682479437
1664664103283
407635372819
541209355482
1754421438827
565461009144
1345895578116
1453629636830
138006344222
1193466102642
684001439198
